%YAML:1.0
---
cameraMatrix: !!opencv-matrix
   rows: 3
   cols: 3
   dt: d
   data: [ 1.0778999458035667e+03, 0., 9.9195814963142016e+02, 0.,
       1.0769813786214147e+03, 5.4246518844603179e+02, 0., 0., 1. ]
distortionCoefficients: !!opencv-matrix
   rows: 1
   cols: 5
   dt: d
   data: [ 4.8525039690704160e-02, -2.0789221964343768e-02,
       4.7537985399657909e-03, 4.5063290707584387e-04,
       -1.5163881564059782e-02 ]
rotation: !!opencv-matrix
   rows: 3
   cols: 3
   dt: d
   data: [ 1., 0., 0., 0., 1., 0., 0., 0., 1. ]
projection: !!opencv-matrix
   rows: 4
   cols: 4
   dt: d
   data: [ 1.0778999458035667e+03, 0., 9.9195814963142016e+02, 0., 0.,
       1.0769813786214147e+03, 5.4246518844603179e+02, 0., 0., 0., 1.,
       0., 0., 0., 0., 1. ]
