%YAML:1.0
---
rotation: !!opencv-matrix
   rows: 3
   cols: 3
   dt: d
   data: [ 9.9985366304352430e-01, 1.3186065137334372e-02,
       -1.0898632237149774e-02, -1.3211896312582140e-02,
       9.9991007031798862e-01, -2.3015369865767446e-03,
       1.0867303909997350e-02, 2.4451917857250668e-03,
       9.9993795944691433e-01 ]
translation: !!opencv-matrix
   rows: 3
   cols: 1
   dt: d
   data: [ -5.1812368799260912e-02, 1.1622078262812441e-03,
       -6.8395253932910689e-03 ]
essential: !!opencv-matrix
   rows: 3
   cols: 3
   dt: d
   data: [ -7.7733034668658497e-05, 6.8417521379774702e-03,
       1.1463943016016109e-03, -6.2754637599228436e-03,
       3.6504751242521995e-05, 5.1883695803182049e-02,
       -4.7749810804005274e-04, -5.1823034277511004e-02,
       1.3191455883543044e-04 ]
fundamental: !!opencv-matrix
   rows: 3
   cols: 3
   dt: d
   data: [ -4.8906844944485966e-08, 4.3089936074681720e-06,
       -6.2966413712270289e-04, -3.9516648663520989e-06,
       2.3010611622952328e-08, 1.3259263633142358e-02,
       1.8683263699257875e-03, -3.9467955102651671e-02, 1. ]
