%YAML:1.0
---
cameraMatrix: !!opencv-matrix
   rows: 3
   cols: 3
   dt: d
   data: [ 3.7538013559223839e+02, 0., 2.5306189752417171e+02, 0.,
       3.7499614021656384e+02, 2.1183394964408799e+02, 0., 0., 1. ]
distortionCoefficients: !!opencv-matrix
   rows: 1
   cols: 5
   dt: d
   data: [ 1.3363286768818020e-01, -3.2507113407625510e-01,
       3.7452886716345846e-03, -1.4481053097776329e-03,
       1.2094518657692223e-01 ]
rotation: !!opencv-matrix
   rows: 3
   cols: 3
   dt: d
   data: [ 1., 0., 0., 0., 1., 0., 0., 0., 1. ]
projection: !!opencv-matrix
   rows: 4
   cols: 4
   dt: d
   data: [ 3.7538013559223839e+02, 0., 2.5306189752417171e+02, 0., 0.,
       3.7499614021656384e+02, 2.1183394964408799e+02, 0., 0., 0., 1.,
       0., 0., 0., 0., 1. ]
