%YAML:1.0
---
depthShift: 2.5709039638786648e+00
